
dhTable = [0 pi/2 183 theta1;
           210 0 0 theta2+pi/2;
           30 pi/2 0 theta3;
           0 0 221.5 0;
           0 -pi/2 0 theta4;
           0 pi/2 0 theta5;
           0 0 0 theta6;
           0 pi/2 23.7 pi/2;
           0 0 -5.5 pi/2;
           50 0 0 0];